header,sequence,bb_rmsd,mean_plddt,folded_path,sample_path,seq_recovery
codesign_seq_1,MTLVFNIDGKTFVFKGVSPAIAELVKKMLALGVPLKEIYEFLKKLLA,0.5069145942566239,89.60737609863281,sc_tmp/eval/SVDD/sc_output/GG|run1_1390_0006/0/folded/folded_codesign_seq_1.pdb,../datasets/AlphaFold_model_PDBs/GG:run1_1390_0006.pdb,0.46808508038520813
codesign_seq_1,MTIYLNINGKKIVFEGVSEEIKKLVEKLLKLGVPIEEIYEWLKKLLK,0.6045281138573202,85.25518035888672,sc_tmp/eval/SVDD/sc_output/GG|run1_1390_0006/1/folded/folded_codesign_seq_1.pdb,../datasets/AlphaFold_model_PDBs/GG:run1_1390_0006.pdb,0.46808508038520813
codesign_seq_1,GTIYLNINGKKYVFKGVSPEIIELVKKLLALGVPLEEILKWLKKLLK,0.5095466910959212,87.7466812133789,sc_tmp/eval/SVDD/sc_output/GG|run1_1390_0006/2/folded/folded_codesign_seq_1.pdb,../datasets/AlphaFold_model_PDBs/GG:run1_1390_0006.pdb,0.44680848717689514
codesign_seq_1,GTIYLNINGKLIVFEGVSPEIIELVKKLLAEGVPIEEIYKWLKALLA,0.4566885535873703,88.30762481689453,sc_tmp/eval/SVDD/sc_output/GG|run1_1390_0006/3/folded/folded_codesign_seq_1.pdb,../datasets/AlphaFold_model_PDBs/GG:run1_1390_0006.pdb,0.3829787075519562
codesign_seq_1,GTIFLNIDGKLYVFKGVSPEIIELVKKLLALGVPIKEIYEWLKALLK,0.4941159604889097,88.58911895751953,sc_tmp/eval/SVDD/sc_output/GG|run1_1390_0006/4/folded/folded_codesign_seq_1.pdb,../datasets/AlphaFold_model_PDBs/GG:run1_1390_0006.pdb,0.44680848717689514
